20 25 4 100
L 10 11 4 2 3
L 11 9 4 84 3
L 16 22 4 30 3
L 0 0 4 48 3
L 7 8 4 12 3
L 15 25 4 75 3
L 10 2 4 57 3
L 18 14 4 102 3
L 20 14 4 39 3
L 11 19 4 21 3
L 8 13 4 93 3
L 15 12 4 66 3
W 20 7 4 0 9
W 15 17 4 55 9
W 17 8 4 91 9
W 11 16 4 82 9
W 4 23 4 28 9
W 6 4 4 46 9
W 16 23 4 64 9
W 15 19 4 10 9
W 10 23 4 100 9
W 4 20 4 37 9
W 1 11 4 73 9
W 15 18 4 19 9
O 19 22 4 1 4
O 9 20 4 101 4
A 13 15 4 4 4
A 6 15 4 104 4
O 1 5 4 38 4
A 15 23 4 41 7
O 1 20 4 47 4
O 12 12 4 29 4
O 19 12 4 11 4
A 11 18 4 68 4
A 15 20 4 14 4
C 16 9 3 109 5
O 7 18 3 56 4
A 8 19 3 59 4
O 10 8 3 65 4
O 9 4 3 20 4
O 6 5 3 74 4
A 10 18 3 23 4
A 8 15 3 95 4
O 6 6 3 83 4
A 18 9 3 86 4
O 11 4 3 92 4
Z 16 3 3 13 2
Z 17 11 3 58 2
Z 12 17 3 103 2
Z 14 18 3 3 2
Z 14 20 3 31 2
Z 16 4 3 76 2
Z 14 5 3 49 2
Z 7 6 3 67 2
Z 20 15 3 22 2
Z 1 14 3 85 2
Z 3 3 3 40 2
Z 14 25 3 94 2
b 9 23 6 9 10
g 10 20 3 107 0
m 16 13 3 106 0
j 3 8 3 108 99
j 18 17 3 18 99
m 2 2 3 25 0
g 10 7 3 26 0
j 1 12 3 27 99
m 16 6 3 34 0
t 17 19 3 69 0
m 13 6 3 70 0
g 14 7 3 71 0
j 13 4 3 72 99
j 5 2 3 54 99
t 18 6 3 60 0
g 19 19 3 80 0
j 14 4 3 81 99
j 13 8 3 45 99
m 20 9 3 61 0
g 2 8 3 44 0
t 1 7 3 5 0
g 8 9 3 62 0
t 12 23 3 87 0
m 13 25 3 88 0
g 5 18 3 89 0
j 4 5 3 90 99
m 18 11 3 43 0
j 14 6 3 63 99
m 14 16 3 6 0
g 1 15 3 7 0
g 18 3 3 53 0
j 9 21 3 8 99
m 7 25 3 97 0
g 13 22 3 98 0
j 17 3 3 99 99
j 12 3 3 36 99
g 12 25 3 35 0
t 2 7 3 15 0
m 4 15 3 52 0
t 10 6 3 105 0
m 13 24 1 110 0
W 16 18 0 111 9
